15
21
22
23
24
25
80
81
82
83
84
85
88
90
87
100
120
125
135
136
137
138
139
265
383
389
445
386
515
566
603
628
631
635
636
686
640
650
674
677
678
691
706
723
737
754
783
799
808
871
873
898
901
902
903
950
953
975
989
990
992
993
994
995
1002
1012
1023
1024
1026
1027
1028
1029
1033
1034
1040
1050
1057
1076
1103
1109
1112
1127
1139
1158
1167
1178
1220
1234
1241
1337
1383
1521
1522
1523
1524
1525
1526
1527
1528
1529
1530
1531
1532
1533
1534
1535
1536
1537
1538
1539
1540
1541
1546
1551
1561
1571
1581
1591
1645
1646
1680
1636
1686
1701
1720
1723
1755
1761
1762
1763
1764
1812
1813
1827
1935
1984
2003
2021
2053
2064
2068
2103
2104
2111
2112
2120
2121
2301
2564
2600
2601
2602
2603
2604
2605
2628
2638
2766
2809
2903
2948
2967
2998
3000
3001
3005
3006
3031
3052
3064
3086
3128
3130
3268
3269
3292
3306
3372
3389
3401
3462
3632
3689
3996
3997
3998
3999
4125
4144
4224
4333
4480
4557
4559
4660
4827
4899
4987
4998
5100
5101
5102
5232
5400
5405
5428
5432
5490
5500
5510
5520
5530
5550
5560
5631
5679
5680
5800
5801
5802
5803
5900
5901
5902
5903
5977
5978
5979
5997
5998
5999
6000
6001
6002
6003
6004
6005
6006
6007
6008
6009
6017
6050
6101
6103
6105
6106
6112
6346
6400
6401
6543
6544
6547
6548
6549
6588
6666
6667
6668
6699
7070
7273
7326
7464
7597
7648
7649
7650
7651
7937
7776
7777
7778
7779
7938
8000
8001
8002
8003
8004
8007
8009
8021
8063
8080
8081
8082
8083
8084
8085
8086
8087
8088
8089
8443
8888
8892
9090
9100
9111
9152
9991
9992
9999
10000
10005
10080
10082
10083
11371
11521
12000
12345
12346
13701
13702
13705
13706
13708
13709
13710
13711
13712
13713
13714
13715
13716
13717
13718
13720
13721
13722
13782
13783
15126
16959
17185
17300
18181
18182
18183
18184
18185
18187
19150
20005
22273
22289
22305
22321
26000
26208
26900
27000
27001
27002
27003
27004
27005
27006
27007
27008
27009
27010
27015
27374
27444
27500
27665
27910
27960
28910
31335
32768
38292
38293
39213
43188
44334
44442
44443
45000
49400
50000
50002
54320
54321
59769
61439
61440
61441
65301
11
37
79
110
111
143
360
427
512
513
514
826
2049
32770
32771
32773
32774
32775
32776
32777
32778
32779
17000
17002
17004
